*-----------------------------------------------------------------------------*
| Address|     Tag| Block #| Old Tag| Hit?|   Hits| Misses|Accesses|Miss Ratio|
|=============================================================================|
|   10045|       1|       1|        | Miss|      0|      1|       1|1.00000000|
|   1008c|       1|       2|        | Miss|      0|      2|       2|1.00000000|
|   3004f|       3|       1|       1| Miss|      0|      3|       3|1.00000000|
|   10044|       1|       1|       3| Miss|      0|      4|       4|1.00000000|
|   10085|       1|       2|       1|  Hit|      1|      4|       5|0.80000001|
|   40456|       4|      11|        | Miss|      1|      5|       6|0.83333331|
|   100b1|       1|       2|       1|  Hit|      2|      5|       7|0.71428573|
|   30456|       3|      11|       4| Miss|      2|      6|       8|0.75000000|
|   300b1|       3|       2|       1| Miss|      2|      7|       9|0.77777779|
|   10078|       1|       1|       1|  Hit|      3|      7|      10|0.69999999|
|   30462|       3|      11|       3|  Hit|      4|      7|      11|0.63636363|
|   300ad|       3|       2|       3|  Hit|      5|      7|      12|0.58333331|
|   10055|       1|       1|       1|  Hit|      6|      7|      13|0.53846157|
|   40456|       4|      11|       3| Miss|      6|      8|      14|0.57142860|
*-----------------------------------------------------------------------------*

Name: Michael A. Mendoza
Parameters: 16 6 on memory-small.txt
Hits: 6
Misses: 8
Miss Ratio: 0.57142860