*--------------------------------------------------------------------*
| Address|     Tag|   Set #| Hit?|   Hits| Misses|Accesses|Miss Ratio|  Tag(s)
|====================================================================|
|   10045|       1|       0| Miss|      0|      1|       1|1.00000000| 1
|   1008c|       1|       0| Miss|      0|      2|       2|1.00000000| 1
|   3004f|       3|       0| Miss|      0|      3|       3|1.00000000| 3
|   10044|       1|       0| Miss|      0|      4|       4|1.00000000| 1
|   10085|       1|       0|  Hit|      1|      4|       5|0.80000001| 1
|   40456|       4|       0| Miss|      1|      5|       6|0.83333331| 4
|   100b1|       1|       0|  Hit|      2|      5|       7|0.71428573| 1
|   30456|       3|       0| Miss|      2|      6|       8|0.75000000| 3
|   300b1|       3|       0| Miss|      2|      7|       9|0.77777779| 3
|   10078|       1|       0|  Hit|      3|      7|      10|0.69999999| 1
|   30462|       3|       0|  Hit|      4|      7|      11|0.63636363| 3
|   300ad|       3|       0|  Hit|      5|      7|      12|0.58333331| 3
|   10055|       1|       0|  Hit|      6|      7|      13|0.53846157| 1
|   40456|       4|       0| Miss|      6|      8|      14|0.57142860| 4
*---------------------------------------------------------------------*

Name: Michael A. Mendoza
Parameters: 16 6 0 lru on memory-small.txt
Hits: 6
Misses: 8
Miss Ratio: 0.57142860

*--------------------------------------------------------------------*
| Address|     Tag|   Set #| Hit?|   Hits| Misses|Accesses|Miss Ratio|  Tag(s)
|====================================================================|
|   10045|       1|       0| Miss|      0|      1|       1|1.00000000| 1
|   1008c|       1|       0| Miss|      0|      2|       2|1.00000000| 1
|   3004f|       3|       0| Miss|      0|      3|       3|1.00000000| 3
|   10044|       1|       0| Miss|      0|      4|       4|1.00000000| 1
|   10085|       1|       0|  Hit|      1|      4|       5|0.80000001| 1
|   40456|       4|       0| Miss|      1|      5|       6|0.83333331| 4
|   100b1|       1|       0|  Hit|      2|      5|       7|0.71428573| 1
|   30456|       3|       0| Miss|      2|      6|       8|0.75000000| 3
|   300b1|       3|       0| Miss|      2|      7|       9|0.77777779| 3
|   10078|       1|       0|  Hit|      3|      7|      10|0.69999999| 1
|   30462|       3|       0|  Hit|      4|      7|      11|0.63636363| 3
|   300ad|       3|       0|  Hit|      5|      7|      12|0.58333331| 3
|   10055|       1|       0|  Hit|      6|      7|      13|0.53846157| 1
|   40456|       4|       0| Miss|      6|      8|      14|0.57142860| 4
*---------------------------------------------------------------------*

Name: Michael A. Mendoza
Parameters: 16 6 0 fifo on memory-small.txt
Hits: 6
Misses: 8
Miss Ratio: 0.57142860
