*--------------------------------------------------------------------*
| Address|     Tag|   Set #| Hit?|   Hits| Misses|Accesses|Miss Ratio|  Tag(s)
|====================================================================|
|   10045|       8|       1| Miss|      0|      1|       1|1.00000000| 8,
|   1008c|       8|       2| Miss|      0|      2|       2|1.00000000| 8,
|   3004f|      18|       1| Miss|      0|      3|       3|1.00000000| 8,18,
|   10044|       8|       1|  Hit|      1|      3|       4|0.75000000| 8,18,
|   10085|       8|       2|  Hit|      2|      3|       5|0.60000002| 8,
|   40456|      20|      17| Miss|      2|      4|       6|0.66666669| 20,
|   100b1|       8|       2|  Hit|      3|      4|       7|0.57142860| 8,
|   30456|      18|      17| Miss|      3|      5|       8|0.62500000| 18,20,
|   300b1|      18|       2| Miss|      3|      6|       9|0.66666669| 8,18,
|   10078|       8|       1|  Hit|      4|      6|      10|0.60000002| 8,18,
|   30462|      18|      17|  Hit|      5|      6|      11|0.54545456| 18,20,
|   300ad|      18|       2|  Hit|      6|      6|      12|0.50000000| 8,18,
|   10055|       8|       1|  Hit|      7|      6|      13|0.46153846| 8,18,
|   40456|      20|      17|  Hit|      8|      6|      14|0.42857143| 18,20,
*---------------------------------------------------------------------*

Name: Michael A. Mendoza
Parameters: 16 6 3 lru on memory-small.txt
Hits: 8
Misses: 6
Miss Ratio: 0.42857143

*--------------------------------------------------------------------*
| Address|     Tag|   Set #| Hit?|   Hits| Misses|Accesses|Miss Ratio|  Tag(s)
|====================================================================|
|   10045|       8|       1| Miss|      0|      1|       1|1.00000000| 8,
|   1008c|       8|       2| Miss|      0|      2|       2|1.00000000| 8,
|   3004f|      18|       1| Miss|      0|      3|       3|1.00000000| 8,18,
|   10044|       8|       1|  Hit|      1|      3|       4|0.75000000| 8,18,
|   10085|       8|       2|  Hit|      2|      3|       5|0.60000002| 8,
|   40456|      20|      17| Miss|      2|      4|       6|0.66666669| 20,
|   100b1|       8|       2|  Hit|      3|      4|       7|0.57142860| 8,
|   30456|      18|      17| Miss|      3|      5|       8|0.62500000| 18,20,
|   300b1|      18|       2| Miss|      3|      6|       9|0.66666669| 8,18,
|   10078|       8|       1|  Hit|      4|      6|      10|0.60000002| 8,18,
|   30462|      18|      17|  Hit|      5|      6|      11|0.54545456| 18,20,
|   300ad|      18|       2|  Hit|      6|      6|      12|0.50000000| 8,18,
|   10055|       8|       1|  Hit|      7|      6|      13|0.46153846| 8,18,
|   40456|      20|      17|  Hit|      8|      6|      14|0.42857143| 18,20,
*---------------------------------------------------------------------*

Name: Michael A. Mendoza
Parameters: 16 6 3 fifo on memory-small.txt
Hits: 8
Misses: 6
Miss Ratio: 0.42857143
