*--------------------------------------------------------------------*
| Address|     Tag|   Set #| Hit?|   Hits| Misses|Accesses|Miss Ratio|  Tag(s)
|====================================================================|
|   10045|       2|       1| Miss|      0|      1|       1|1.00000000| 2,
|   1008c|       2|       2| Miss|      0|      2|       2|1.00000000| 2,
|   3004f|       6|       1| Miss|      0|      3|       3|1.00000000| 2,6,
|   10044|       2|       1|  Hit|      1|      3|       4|0.75000000| 2,6,
|   10085|       2|       2|  Hit|      2|      3|       5|0.60000002| 2,
|   40456|       8|      17| Miss|      2|      4|       6|0.66666669| 8,
|   100b1|       2|       2|  Hit|      3|      4|       7|0.57142860| 2,
|   30456|       6|      17| Miss|      3|      5|       8|0.62500000| 6,8,
|   300b1|       6|       2| Miss|      3|      6|       9|0.66666669| 2,6,
|   10078|       2|       1|  Hit|      4|      6|      10|0.60000002| 2,6,
|   30462|       6|      17|  Hit|      5|      6|      11|0.54545456| 6,8,
|   300ad|       6|       2|  Hit|      6|      6|      12|0.50000000| 2,6,
|   10055|       2|       1|  Hit|      7|      6|      13|0.46153846| 2,6,
|   40456|       8|      17|  Hit|      8|      6|      14|0.42857143| 6,8,
*---------------------------------------------------------------------*

Name: Michael A. Mendoza
Parameters: 16 6 1 lru on memory-small.txt
Hits: 8
Misses: 6
Miss Ratio: 0.42857143

*--------------------------------------------------------------------*
| Address|     Tag|   Set #| Hit?|   Hits| Misses|Accesses|Miss Ratio|  Tag(s)
|====================================================================|
|   10045|       2|       1| Miss|      0|      1|       1|1.00000000| 2,
|   1008c|       2|       2| Miss|      0|      2|       2|1.00000000| 2,
|   3004f|       6|       1| Miss|      0|      3|       3|1.00000000| 2,6,
|   10044|       2|       1|  Hit|      1|      3|       4|0.75000000| 2,6,
|   10085|       2|       2|  Hit|      2|      3|       5|0.60000002| 2,
|   40456|       8|      17| Miss|      2|      4|       6|0.66666669| 8,
|   100b1|       2|       2|  Hit|      3|      4|       7|0.57142860| 2,
|   30456|       6|      17| Miss|      3|      5|       8|0.62500000| 6,8,
|   300b1|       6|       2| Miss|      3|      6|       9|0.66666669| 2,6,
|   10078|       2|       1|  Hit|      4|      6|      10|0.60000002| 2,6,
|   30462|       6|      17|  Hit|      5|      6|      11|0.54545456| 6,8,
|   300ad|       6|       2|  Hit|      6|      6|      12|0.50000000| 2,6,
|   10055|       2|       1|  Hit|      7|      6|      13|0.46153846| 2,6,
|   40456|       8|      17|  Hit|      8|      6|      14|0.42857143| 6,8,
*---------------------------------------------------------------------*

Name: Michael A. Mendoza
Parameters: 16 6 1 fifo on memory-small.txt
Hits: 8
Misses: 6
Miss Ratio: 0.42857143
